  4.0105000e+006  1.5539929e+003  4.9127870e+002  1.9166667e+002
  4.0145000e+006  3.6259830e+002  5.1227190e+002  1.6461538e+002
  4.0255000e+006  3.1079860e+002  3.5613730e+002  1.5052632e+002
  4.0270000e+006  1.5462229e+003  4.0178940e+002  1.4578947e+002
  4.0330000e+006  4.2475810e+002  5.1168670e+002  1.7333333e+002
  4.0405000e+006  4.4288800e+002  4.9639080e+002  1.7307692e+002
  4.0455000e+006  2.0460906e+003  2.4289810e+002  1.7042553e+002
  4.0460000e+006  7.2519700e+001  2.5340260e+002  1.2875000e+002
  4.0565000e+006  2.8489869e+003  2.3861110e+002  1.9700000e+002
  4.0595000e+006  1.1654946e+003  3.3157480e+002  2.1000000e+002
  4.0637000e+006  3.6000830e+002  4.7251400e+002  2.0461538e+002
  4.0695000e+006  2.7971872e+003  3.5213700e+002  1.6843137e+002
  4.0710000e+006  1.8259416e+003  3.3039550e+002  1.7041667e+002
  4.0735000e+006  3.4705841e+003  2.6922450e+002  2.2976471e+002
  4.0785000e+006  9.9455540e+002  3.4193120e+002  1.5050000e+002
  4.0790000e+006  5.8533731e+003  3.4578390e+002  2.0121951e+002
  4.0800000e+006  1.3131240e+003  3.0306760e+002  1.6829268e+002
  4.0810000e+006  6.8634680e+002  3.1946400e+002  1.3583333e+002
  4.0852000e+006  3.2892850e+002  2.3253290e+002  1.7000000e+002
  4.0860000e+006  1.0826150e+003  2.7456840e+002  2.0466667e+002
  4.0870000e+006  1.8026317e+003  2.8376470e+002  1.9253333e+002
  4.0930000e+006  3.2115850e+002  2.0891230e+002  1.6107143e+002
  4.0940000e+006  1.7093920e+002  2.1968000e+002  1.6625000e+002
  4.1005000e+006  1.5384529e+003  2.7355400e+002  1.9962264e+002
  4.1050000e+006  6.2418710e+002  2.7909490e+002  1.8105263e+002
  4.1215000e+006  3.7554828e+003  3.6296120e+002  1.5142857e+002
  4.1280000e+006  5.1281760e+002  3.3792910e+002  1.1384615e+002
  4.1355000e+006  2.8489870e+002  3.9725160e+002  9.5384615e+001
  4.1420000e+006  8.2879620e+002  3.0083600e+002  1.3076923e+002
  4.1735000e+006  3.3151850e+002  2.8941360e+002  1.4875000e+002
  4.1835000e+006  5.5140847e+003  2.5931020e+002  1.8198502e+002
  4.1845000e+006  5.3353760e+002  2.7562790e+002  1.5230769e+002
  4.1890000e+006  8.9613590e+002  2.5877960e+002  1.8518519e+002
  4.1915000e+006  5.9828725e+003  2.5642190e+002  1.7985816e+002
  4.1965000e+006  7.7181650e+002  2.9050120e+002  1.6032258e+002
  4.1970000e+006  2.0046508e+003  2.7597520e+002  1.6023438e+002
  4.1980000e+006  3.2400751e+003  2.6639400e+002  1.5805970e+002
  4.1995000e+006  6.7857690e+002  2.8912690e+002  1.3692308e+002
  4.2015000e+006  6.9152680e+002  2.9584840e+002  1.3153846e+002
  4.2120000e+006  1.5047831e+003  2.8860870e+002  1.4388889e+002
  4.2125000e+006  3.1338860e+002  2.8091500e+002  1.3909091e+002
  4.2130000e+006  4.5324790e+002  2.9310960e+002  1.3047619e+002
  4.2145000e+006  3.6777830e+002  3.4495050e+002  1.2312500e+002
  4.2155000e+006  3.4964840e+002  3.8530440e+002  1.1490196e+002
  4.2175000e+006  5.9828730e+002  3.5826210e+002  1.3303030e+002
  4.2210000e+006  7.4591660e+002  6.2680180e+002  8.6382979e+001
  4.2215000e+006  7.9771630e+002  6.0953750e+002  8.6567164e+001
  4.2305000e+006  5.1799760e+002  3.4340250e+002  1.2324324e+002
  4.2340000e+006  3.2633850e+002  4.0262770e+002  8.9444444e+001
  4.2435000e+006  2.9266870e+002  3.1786430e+002  1.0739130e+002
  4.2560000e+006  2.3050890e+002  5.0349740e+002  1.3000000e+002
  4.2625000e+006  6.3195710e+002  4.1819130e+002  1.3142857e+002
  4.2650000e+006  8.6246600e+002  3.8792880e+002  1.7384615e+002
  4.2690000e+006  1.5850727e+003  3.9045710e+002  2.2014925e+002
